25
7 2 11.8894
7 4 14.5533
2 4 42.2907
2 5 7.61041
13 4 29.2769
5 7 9.67377
1 6 40.5311
1 4 8.67653
1 5 24.2492
1 6 7.59313
1 7 18.3479
1 23 24.5868
1 8 45.5047
1 25 13.2628
1 6 44.6594
1 7 11.0175
2 8 31.5899
2 9 28.5539
2 7 16.6079
2 4 5.22274
2 5 25.1465
2 6 28.3697
2 5 42.7082
3 1 2.00704
3 2 5.40112
3 4 31.9698
3 5 0.655551
3 6 36.0092
3 7 5.09071
3 8 24.1473
3 9 12.7178
3 10 33.8349
3 11 44.8391
3 12 37.9948
3 13 36.0146
3 15 45.3811
3 14 46.4305
3 16 18.8831
3 17 44.9878
3 18 38.944
3 19 16.2127
3 25 9.71156
6 4 49.7776
